                -79.0872294867
         -0.000000663      -0.000000000       0.000000000
         -0.000000000      -0.000000111      -0.000000000
         -0.000000000      -0.000000000      -0.000000041
          12
  1     6       0.000114208       0.000102943       0.000000000  C
  2     1       0.000392002       0.000389380      -0.000000000  H
  1     6       0.000000000       0.000324562       0.000000000  C
  2     1       0.000000000      -0.000524431      -0.000000000  H
  1     6      -0.000114208       0.000102943       0.000000000  C
  2     1      -0.000392002       0.000389380      -0.000000000  H
  1     6      -0.000114208      -0.000102943       0.000000000  C
  2     1      -0.000392002      -0.000389380      -0.000000000  H
  1     6      -0.000000000      -0.000324562       0.000000000  C
  2     1      -0.000000000       0.000524431      -0.000000000  H
  1     6       0.000114208      -0.000102943       0.000000000  C
  2     1       0.000392002      -0.000389380      -0.000000000  H
